0.0000000   nan
0.0010000   nan
0.0020000   nan
0.0030000   nan
0.0040000   nan
0.0050000   nan
0.0060000   nan
0.0070000   nan
0.0080000   nan
0.0090000   nan
0.0100000   nan
0.0110000   nan
0.0120000   nan
0.0130000   nan
0.0140000   nan
0.0150000   nan
0.0160000   nan
0.0170000   nan
0.0180000   nan
0.0190000   nan
0.0200000   nan
0.0210000   nan
0.0220000   nan
0.0230000   nan
0.0240000   nan
0.0250000   nan
0.0260000   nan
0.0270000   nan
0.0280000   nan
0.0290000   nan
0.0300000   nan
0.0310000   nan
0.0320000   nan
0.0330000   nan
0.0340000   nan
0.0350000   nan
0.0360000   nan
0.0370000   nan
0.0380000   nan
0.0390000   nan
0.0400000   nan
0.0410000   nan
0.0420000   nan
0.0430000   nan
0.0440000   nan
0.0450000   nan
0.0460000   nan
0.0470000   nan
0.0480000   nan
0.0490000   nan
0.0500000   nan
0.0510000   nan
0.0520000   nan
0.0530000   nan
0.0540000   nan
0.0550000   nan
0.0560000   nan
0.0570000   nan
0.0580000   nan
0.0590000   nan
0.0600000   nan
0.0610000   nan
0.0620000   nan
0.0630000   nan
0.0640000   nan
0.0650000   nan
0.0660000   nan
0.0670000   nan
0.0680000   nan
0.0690000   nan
0.0700000   nan
0.0710000   nan
0.0720000   nan
0.0730000   nan
0.0740000   nan
0.0750000   nan
0.0760000   nan
0.0770000   nan
0.0780000   nan
0.0790000   nan
0.0800000   nan
0.0810000   nan
0.0820000   nan
0.0830000   nan
0.0840000   nan
0.0850000   nan
0.0860000   nan
0.0870000   nan
0.0880000   nan
0.0890000   nan
0.0900000   nan
0.0910000   nan
0.0920000   nan
0.0930000   nan
0.0940000   nan
0.0950000   nan
0.0960000   nan
0.0970000   nan
0.0980000   nan
0.0990000   nan
0.1000000   nan
0.1010000   nan
0.1020000   nan
0.1030000   nan
0.1040000   nan
0.1050000   nan
0.1060000   nan
0.1070000   nan
0.1080000   nan
0.1090000   nan
0.1100000   nan
0.1110000   nan
0.1120000   nan
0.1130000   nan
0.1140000   nan
0.1150000   nan
0.1160000   nan
0.1170000   nan
0.1180000   nan
0.1190000   nan
0.1200000   nan
0.1210000   nan
0.1220000   nan
0.1230000   nan
0.1240000   nan
0.1250000   nan
0.1260000   nan
0.1270000   nan
0.1280000   nan
0.1290000   nan
0.1300000   nan
0.1310000   nan
0.1320000   nan
0.1330000   nan
0.1340000   nan
0.1350000   nan
0.1360000   nan
0.1370000   nan
0.1380000   nan
0.1390000   nan
0.1400000   nan
0.1410000   nan
0.1420000   nan
0.1430000   nan
0.1440000   nan
0.1450000   nan
0.1460000   nan
0.1470000   nan
0.1480000   nan
0.1490000   nan
0.1500000   nan
0.1510000   nan
0.1520000   nan
0.1530000   nan
0.1540000   nan
0.1550000   nan
0.1560000   nan
0.1570000   nan
0.1580000   nan
0.1590000   nan
0.1600000   nan
0.1610000   nan
0.1620000   nan
0.1630000   nan
0.1640000   nan
0.1650000   nan
0.1660000   nan
0.1670000   nan
0.1680000   nan
0.1690000   nan
0.1700000   nan
0.1710000   nan
0.1720000   nan
0.1730000   nan
0.1740000   nan
0.1750000   nan
0.1760000   nan
0.1770000   nan
0.1780000   nan
0.1790000   nan
0.1800000   nan
0.1810000   nan
0.1820000   nan
0.1830000   nan
0.1840000   nan
0.1850000   nan
0.1860000   nan
0.1870000   nan
0.1880000   nan
0.1890000   nan
0.1900000   nan
0.1910000   nan
0.1920000   nan
0.1930000   nan
0.1940000   nan
0.1950000   nan
0.1960000   nan
0.1970000   nan
0.1980000   nan
0.1990000   nan
0.2000000   nan
0.2010000   nan
0.2020000   nan
0.2030000   nan
0.2040000   nan
0.2050000   nan
0.2060000   nan
0.2070000   nan
0.2080000   nan
0.2090000   nan
0.2100000   nan
0.2110000   nan
0.2120000   nan
0.2130000   nan
0.2140000   nan
0.2150000   nan
0.2160000   nan
0.2170000   nan
0.2180000   nan
0.2190000   nan
0.2200000   nan
0.2210000   nan
0.2220000   nan
0.2230000   nan
0.2240000   nan
0.2250000   nan
0.2260000   nan
0.2270000   nan
0.2280000   nan
0.2290000   nan
0.2300000   nan
0.2310000   nan
0.2320000   nan
0.2330000   nan
0.2340000   nan
0.2350000   nan
0.2360000   nan
0.2370000   nan
0.2380000   nan
0.2390000   nan
0.2400000   nan
0.2410000   nan
0.2420000   nan
0.2430000   nan
0.2440000   nan
0.2450000   nan
0.2460000   nan
0.2470000   nan
0.2480000   nan
0.2490000   nan
0.2500000   nan
0.2510000   nan
0.2520000   nan
0.2530000   nan
0.2540000   nan
0.2550000   nan
0.2560000   nan
0.2570000   nan
0.2580000   nan
0.2590000   nan
0.2600000   nan
0.2610000   nan
0.2620000   nan
0.2630000   nan
0.2640000   nan
0.2650000   nan
0.2660000   nan
0.2670000   nan
0.2680000   nan
0.2690000   nan
0.2700000   nan
0.2710000   nan
0.2720000   nan
0.2730000   nan
0.2740000   nan
0.2750000   nan
0.2760000   nan
0.2770000   nan
0.2780000   nan
0.2790000   nan
0.2800000   nan
0.2810000   nan
0.2820000   nan
0.2830000   nan
0.2840000   nan
0.2850000   nan
0.2860000   nan
0.2870000   nan
0.2880000   nan
0.2890000   nan
0.2900000   nan
0.2910000   nan
0.2920000   nan
0.2930000   nan
0.2940000   nan
0.2950000   nan
0.2960000   nan
0.2970000   nan
0.2980000   nan
0.2990000   nan
0.3000000   nan
0.3010000   nan
0.3020000   nan
0.3030000   nan
0.3040000   nan
0.3050000   nan
0.3060000   nan
0.3070000   nan
0.3080000   nan
0.3090000   nan
0.3100000   nan
0.3110000   nan
0.3120000   nan
0.3130000   nan
0.3140000   nan
0.3150000   nan
0.3160000   nan
0.3170000   nan
0.3180000   nan
0.3190000   nan
0.3200000   nan
0.3210000   nan
0.3220000   nan
0.3230000   nan
0.3240000   nan
0.3250000   nan
0.3260000   nan
0.3270000   nan
0.3280000   nan
0.3290000   nan
0.3300000   nan
0.3310000   nan
0.3320000   nan
0.3330000   nan
0.3340000   nan
0.3350000   nan
0.3360000   nan
0.3370000   nan
0.3380000   nan
0.3390000   nan
0.3400000   nan
0.3410000   nan
0.3420000   nan
0.3430000   nan
0.3440000   nan
0.3450000   nan
0.3460000   nan
0.3470000   nan
0.3480000   nan
0.3490000   nan
0.3500000   nan
0.3510000   nan
0.3520000   nan
0.3530000   nan
0.3540000   nan
0.3550000   nan
0.3560000   nan
0.3570000   nan
0.3580000   nan
0.3590000   nan
0.3600000   nan
0.3610000   nan
0.3620000   nan
0.3630000   nan
0.3640000   nan
0.3650000   nan
0.3660000   nan
0.3670000   nan
0.3680000   nan
0.3690000   nan
0.3700000   nan
0.3710000   nan
0.3720000   nan
0.3730000   nan
0.3740000   nan
0.3750000   nan
0.3760000   nan
0.3770000   nan
0.3780000   nan
0.3790000   nan
0.3800000   nan
0.3810000   nan
0.3820000   nan
0.3830000   nan
0.3840000   nan
0.3850000   nan
0.3860000   nan
0.3870000   nan
0.3880000   nan
0.3890000   nan
0.3900000   nan
0.3910000   nan
0.3920000   nan
0.3930000   nan
0.3940000   nan
0.3950000   nan
0.3960000   nan
0.3970000   nan
0.3980000   nan
0.3990000   nan
0.4000000   nan
0.4010000   nan
0.4020000   nan
0.4030000   nan
0.4040000   nan
0.4050000   nan
0.4060000   nan
0.4070000   nan
0.4080000   nan
0.4090000   nan
0.4100000   nan
0.4110000   nan
0.4120000   nan
0.4130000   nan
0.4140000   nan
0.4150000   nan
0.4160000   nan
0.4170000   nan
0.4180000   nan
0.4190000   nan
0.4200000   nan
0.4210000   nan
0.4220000   nan
0.4230000   nan
0.4240000   nan
0.4250000   nan
0.4260000   nan
0.4270000   nan
0.4280000   nan
0.4290000   nan
0.4300000   nan
0.4310000   nan
0.4320000   nan
0.4330000   nan
0.4340000   nan
0.4350000   nan
0.4360000   nan
0.4370000   nan
0.4380000   nan
0.4390000   nan
0.4400000   nan
0.4410000   nan
0.4420000   nan
0.4430000   nan
0.4440000   nan
0.4450000   nan
0.4460000   nan
0.4470000   nan
0.4480000   nan
0.4490000   nan
0.4500000   nan
0.4510000   nan
0.4520000   nan
0.4530000   nan
0.4540000   nan
0.4550000   nan
0.4560000   nan
0.4570000   nan
0.4580000   nan
0.4590000   nan
0.4600000   nan
0.4610000   nan
0.4620000   nan
0.4630000   nan
0.4640000   nan
0.4650000   nan
0.4660000   nan
0.4670000   nan
0.4680000   nan
0.4690000   nan
0.4700000   nan
0.4710000   nan
0.4720000   nan
0.4730000   nan
0.4740000   nan
0.4750000   nan
0.4760000   nan
0.4770000   nan
0.4780000   nan
0.4790000   nan
0.4800000   nan
0.4810000   nan
0.4820000   nan
0.4830000   nan
0.4840000   nan
0.4850000   nan
0.4860000   nan
0.4870000   nan
0.4880000   nan
0.4890000   nan
0.4900000   nan
0.4910000   nan
0.4920000   nan
0.4930000   nan
0.4940000   nan
0.4950000   nan
0.4960000   nan
0.4970000   nan
0.4980000   nan
0.4990000   nan
0.5000000   nan
0.5010000   nan
0.5020000   nan
0.5030000   nan
0.5040000   nan
0.5050000   nan
0.5060000   nan
0.5070000   nan
0.5080000   nan
0.5090000   nan
0.5100000   nan
0.5110000   nan
0.5120000   nan
0.5130000   nan
0.5140000   nan
0.5150000   nan
0.5160000   nan
0.5170000   nan
0.5180000   nan
0.5190000   nan
0.5200000   nan
0.5210000   nan
0.5220000   nan
0.5230000   nan
0.5240000   nan
0.5250000   nan
0.5260000   nan
0.5270000   nan
0.5280000   nan
0.5290000   nan
0.5300000   nan
0.5310000   nan
0.5320000   nan
0.5330000   nan
0.5340000   nan
0.5350000   nan
0.5360000   nan
0.5370000   nan
0.5380000   nan
0.5390000   nan
0.5400000   nan
0.5410000   nan
0.5420000   nan
0.5430000   nan
0.5440000   nan
0.5450000   nan
0.5460000   nan
0.5470000   nan
0.5480000   nan
0.5490000   nan
0.5500000   nan
0.5510000   nan
0.5520000   nan
0.5530000   nan
0.5540000   nan
0.5550000   nan
0.5560000   nan
0.5570000   nan
0.5580000   nan
0.5590000   nan
0.5600000   nan
0.5610000   nan
0.5620000   nan
0.5630000   nan
0.5640000   nan
0.5650000   nan
0.5660000   nan
0.5670000   nan
0.5680000   nan
0.5690000   nan
0.5700000   nan
0.5710000   nan
0.5720000   nan
0.5730000   nan
0.5740000   nan
0.5750000   nan
0.5760000   nan
0.5770000   nan
0.5780000   nan
0.5790000   nan
0.5800000   nan
0.5810000   nan
0.5820000   nan
0.5830000   nan
0.5840000   nan
0.5850000   nan
0.5860000   nan
0.5870000   nan
0.5880000   nan
0.5890000   nan
0.5900000   nan
0.5910000   nan
0.5920000   nan
0.5930000   nan
0.5940000   nan
0.5950000   nan
0.5960000   nan
0.5970000   nan
0.5980000   nan
0.5990000   nan
0.6000000   nan
0.6010000   nan
0.6020000   nan
0.6030000   nan
0.6040000   nan
0.6050000   nan
0.6060000   nan
0.6070000   nan
0.6080000   nan
0.6090000   nan
0.6100000   nan
0.6110000   nan
0.6120000   nan
0.6130000   nan
0.6140000   nan
0.6150000   nan
0.6160000   nan
0.6170000   nan
0.6180000   nan
0.6190000   nan
0.6200000   nan
0.6210000   nan
0.6220000   nan
0.6230000   nan
0.6240000   nan
0.6250000   nan
0.6260000   nan
0.6270000   nan
0.6280000   nan
0.6290000   nan
0.6300000   nan
0.6310000   nan
0.6320000   nan
0.6330000   nan
0.6340000   nan
0.6350000   nan
0.6360000   nan
0.6370000   nan
0.6380000   nan
0.6390000   nan
0.6400000   nan
0.6410000   nan
0.6420000   nan
0.6430000   nan
0.6440000   nan
0.6450000   nan
0.6460000   nan
0.6470000   nan
0.6480000   nan
0.6490000   nan
0.6500000   nan
0.6510000   nan
0.6520000   nan
0.6530000   nan
0.6540000   nan
0.6550000   nan
0.6560000   nan
0.6570000   nan
0.6580000   nan
0.6590000   nan
0.6600000   nan
0.6610000   nan
0.6620000   nan
0.6630000   nan
0.6640000   nan
0.6650000   nan
0.6660000   nan
0.6670000   nan
0.6680000   nan
0.6690000   nan
0.6700000   nan
0.6710000   nan
0.6720000   nan
0.6730000   nan
0.6740000   nan
0.6750000   nan
0.6760000   nan
0.6770000   nan
0.6780000   nan
0.6790000   nan
0.6800000   nan
0.6810000   nan
0.6820000   nan
0.6830000   nan
0.6840000   nan
0.6850000   nan
0.6860000   nan
0.6870000   nan
0.6880000   nan
0.6890000   nan
0.6900000   nan
0.6910000   nan
0.6920000   nan
0.6930000   nan
0.6940000   nan
0.6950000   nan
0.6960000   nan
0.6970000   nan
0.6980000   nan
0.6990000   nan
0.7000000   nan
0.7010000   nan
0.7020000   nan
0.7030000   nan
0.7040000   nan
0.7050000   nan
0.7060000   nan
0.7070000   nan
0.7080000   nan
0.7090000   nan
0.7100000   nan
0.7110000   nan
0.7120000   nan
0.7130000   nan
0.7140000   nan
0.7150000   nan
0.7160000   nan
0.7170000   nan
0.7180000   nan
0.7190000   nan
0.7200000   nan
0.7210000   nan
0.7220000   nan
0.7230000   nan
0.7240000   nan
0.7250000   nan
0.7260000   nan
0.7270000   nan
0.7280000   nan
0.7290000   nan
0.7300000   nan
0.7310000   nan
0.7320000   nan
0.7330000   nan
0.7340000   nan
0.7350000   nan
0.7360000   nan
0.7370000   nan
0.7380000   nan
0.7390000   nan
0.7400000   nan
0.7410000   nan
0.7420000   nan
0.7430000   nan
0.7440000   nan
0.7450000   nan
0.7460000   nan
0.7470000   nan
0.7480000   nan
0.7490000   nan
0.7500000   nan
0.7510000   nan
0.7520000   nan
0.7530000   nan
0.7540000   nan
0.7550000   nan
0.7560000   nan
0.7570000   nan
0.7580000   nan
0.7590000   nan
0.7600000   nan
0.7610000   nan
0.7620000   nan
0.7630000   nan
0.7640000   nan
0.7650000   nan
0.7660000   nan
0.7670000   nan
0.7680000   nan
0.7690000   nan
0.7700000   nan
0.7710000   nan
0.7720000   nan
0.7730000   nan
0.7740000   nan
0.7750000   nan
0.7760000   nan
0.7770000   nan
0.7780000   nan
0.7790000   nan
0.7800000   nan
0.7810000   nan
0.7820000   nan
0.7830000   nan
0.7840000   nan
0.7850000   nan
0.7860000   nan
0.7870000   nan
0.7880000   nan
0.7890000   nan
0.7900000   nan
0.7910000   nan
0.7920000   nan
0.7930000   nan
0.7940000   nan
0.7950000   nan
0.7960000   nan
0.7970000   nan
0.7980000   nan
0.7990000   nan
0.8000000   nan
0.8010000   nan
0.8020000   nan
0.8030000   nan
0.8040000   nan
0.8050000   nan
0.8060000   nan
0.8070000   nan
0.8080000   nan
0.8090000   nan
0.8100000   nan
0.8110000   nan
0.8120000   nan
0.8130000   nan
0.8140000   nan
0.8150000   nan
0.8160000   nan
0.8170000   nan
0.8180000   nan
0.8190000   nan
0.8200000   nan
0.8210000   nan
0.8220000   nan
0.8230000   nan
0.8240000   nan
0.8250000   nan
0.8260000   nan
0.8270000   nan
0.8280000   nan
0.8290000   nan
0.8300000   nan
0.8310000   nan
0.8320000   nan
0.8330000   nan
0.8340000   nan
0.8350000   nan
0.8360000   nan
0.8370000   nan
0.8380000   nan
0.8390000   nan
0.8400000   nan
0.8410000   nan
0.8420000   nan
0.8430000   nan
0.8440000   nan
0.8450000   nan
0.8460000   nan
0.8470000   nan
0.8480000   nan
0.8490000   nan
0.8500000   nan
0.8510000   nan
0.8520000   nan
0.8530000   nan
0.8540000   nan
0.8550000   nan
0.8560000   nan
0.8570000   nan
0.8580000   nan
0.8590000   nan
0.8600000   nan
0.8610000   nan
0.8620000   nan
0.8630000   nan
0.8640000   nan
0.8650000   nan
0.8660000   nan
0.8670000   nan
0.8680000   nan
0.8690000   nan
0.8700000   nan
0.8710000   nan
0.8720000   nan
0.8730000   nan
0.8740000   nan
0.8750000   nan
0.8760000   nan
0.8770000   nan
0.8780000   nan
0.8790000   nan
0.8800000   nan
0.8810000   nan
0.8820000   nan
0.8830000   nan
0.8840000   nan
0.8850000   nan
0.8860000   nan
0.8870000   nan
0.8880000   nan
0.8890000   nan
0.8900000   nan
0.8910000   nan
0.8920000   nan
0.8930000   nan
0.8940000   nan
0.8950000   nan
0.8960000   nan
0.8970000   nan
0.8980000   nan
0.8990000   nan
0.9000000   nan
0.9010000   nan
0.9020000   nan
0.9030000   nan
0.9040000   nan
0.9050000   nan
0.9060000   nan
0.9070000   nan
0.9080000   nan
0.9090000   nan
0.9100000   nan
0.9110000   nan
0.9120000   nan
0.9130000   nan
0.9140000   nan
0.9150000   nan
0.9160000   nan
0.9170000   nan
0.9180000   nan
0.9190000   nan
0.9200000   nan
0.9210000   nan
0.9220000   nan
0.9230000   nan
0.9240000   nan
0.9250000   nan
0.9260000   nan
0.9270000   nan
0.9280000   nan
0.9290000   nan
0.9300000   nan
0.9310000   nan
0.9320000   nan
0.9330000   nan
0.9340000   nan
0.9350000   nan
0.9360000   nan
0.9370000   nan
0.9380000   nan
0.9390000   nan
0.9400000   nan
0.9410000   nan
0.9420000   nan
0.9430000   nan
0.9440000   nan
0.9450000   nan
0.9460000   nan
0.9470000   nan
0.9480000   nan
0.9490000   nan
0.9500000   nan
0.9510000   nan
0.9520000   nan
0.9530000   nan
0.9540000   nan
0.9550000   nan
0.9560000   nan
0.9570000   nan
0.9580000   nan
0.9590000   nan
0.9600000   nan
0.9610000   nan
0.9620000   nan
0.9630000   nan
0.9640000   nan
0.9650000   nan
0.9660000   nan
0.9670000   nan
0.9680000   nan
0.9690000   nan
0.9700000   nan
0.9710000   nan
0.9720000   nan
0.9730000   nan
0.9740000   nan
0.9750000   nan
0.9760000   nan
0.9770000   nan
0.9780000   nan
0.9790000   nan
0.9800000   nan
0.9810000   nan
0.9820000   nan
0.9830000   nan
0.9840000   nan
0.9850000   nan
0.9860000   nan
0.9870000   nan
0.9880000   nan
0.9890000   nan
0.9900000   nan
0.9910000   nan
0.9920000   nan
0.9930000   nan
0.9940000   nan
0.9950000   nan
0.9960000   nan
0.9970000   nan
0.9980000   nan
0.9990000   nan
1.0000000   nan
1.0010000   nan
1.0020000   nan
1.0030000   nan
1.0040000   nan
1.0050000   nan
1.0060000   nan
1.0070000   nan
1.0080000   nan
1.0090000   nan
1.0100000   nan
1.0110000   nan
1.0120000   nan
1.0130000   nan
1.0140000   nan
1.0150000   nan
1.0160000   nan
1.0170000   nan
1.0180000   nan
1.0190000   nan
1.0200000   nan
1.0210000   nan
1.0220000   nan
1.0230000   nan
1.0240000   nan
1.0250000   nan
1.0260000   nan
1.0270000   nan
1.0280000   nan
1.0290000   nan
1.0300000   nan
1.0310000   nan
1.0320000   nan
1.0330000   nan
1.0340000   nan
1.0350000   nan
1.0360000   nan
1.0370000   nan
1.0380000   nan
1.0390000   nan
1.0400000   nan
1.0410000   nan
1.0420000   nan
1.0430000   nan
1.0440000   nan
1.0450000   nan
1.0460000   nan
1.0470000   nan
1.0480000   nan
1.0490000   nan
1.0500000   nan
1.0510000   nan
1.0520000   nan
1.0530000   nan
1.0540000   nan
1.0550000   nan
1.0560000   nan
1.0570000   nan
1.0580000   nan
1.0590000   nan
1.0600000   nan
1.0610000   nan
1.0620000   nan
1.0630000   nan
1.0640000   nan
1.0650000   nan
1.0660000   nan
1.0670000   nan
1.0680000   nan
1.0690000   nan
1.0700000   nan
1.0710000   nan
1.0720000   nan
1.0730000   nan
1.0740000   nan
1.0750000   nan
1.0760000   nan
1.0770000   nan
1.0780000   nan
1.0790000   nan
1.0800000   nan
1.0810000   nan
1.0820000   nan
1.0830000   nan
1.0840000   nan
1.0850000   nan
1.0860000   nan
1.0870000   nan
1.0880000   nan
1.0890000   nan
1.0900000   nan
1.0910000   nan
1.0920000   nan
1.0930000   nan
1.0940000   nan
1.0950000   nan
1.0960000   nan
1.0970000   nan
1.0980000   nan
1.0990000   nan
1.1000000   nan
1.1010000   nan
1.1020000   nan
1.1030000   nan
1.1040000   nan
1.1050000   nan
1.1060000   nan
1.1070000   nan
1.1080000   nan
1.1090000   nan
1.1100000   nan
1.1110000   nan
1.1120000   nan
1.1130000   nan
1.1140000   nan
1.1150000   nan
1.1160000   nan
1.1170000   nan
1.1180000   nan
1.1190000   nan
1.1200000   nan
1.1210000   nan
1.1220000   nan
1.1230000   nan
1.1240000   nan
1.1250000   nan
1.1260000   nan
1.1270000   nan
1.1280000   nan
1.1290000   nan
1.1300000   nan
1.1310000   nan
1.1320000   nan
1.1330000   nan
1.1340000   nan
1.1350000   nan
1.1360000   nan
1.1370000   nan
1.1380000   nan
1.1390000   nan
1.1400000   nan
1.1410000   nan
1.1420000   nan
1.1430000   nan
1.1440000   nan
1.1450000   nan
1.1460000   nan
1.1470000   nan
1.1480000   nan
1.1490000   nan
1.1500000   nan
1.1510000   nan
1.1520000   nan
1.1530000   nan
1.1540000   nan
1.1550000   nan
1.1560000   nan
1.1570000   nan
1.1580000   nan
1.1590000   nan
1.1600000   nan
1.1610000   nan
1.1620000   nan
1.1630000   nan
1.1640000   nan
1.1650000   nan
1.1660000   nan
1.1670000   nan
1.1680000   nan
1.1690000   nan
1.1700000   nan
1.1710000   nan
1.1720000   nan
1.1730000   nan
1.1740000   nan
1.1750000   nan
1.1760000   nan
1.1770000   nan
1.1780000   nan
1.1790000   nan
1.1800000   nan
1.1810000   nan
1.1820000   nan
1.1830000   nan
1.1840000   nan
1.1850000   nan
1.1860000   nan
1.1870000   nan
1.1880000   nan
1.1890000   nan
1.1900000   nan
1.1910000   nan
1.1920000   nan
1.1930000   nan
1.1940000   nan
1.1950000   nan
1.1960000   nan
1.1970000   nan
1.1980000   nan
1.1990000   nan
1.2000000   nan
1.2010000   nan
1.2020000   nan
1.2030000   nan
1.2040000   nan
1.2050000   nan
1.2060000   nan
1.2070000   nan
1.2080000   nan
1.2090000   nan
1.2100000   nan
1.2110000   nan
1.2120000   nan
1.2130000   nan
1.2140000   nan
1.2150000   nan
1.2160000   nan
1.2170000   nan
1.2180000   nan
1.2190000   nan
1.2200000   nan
1.2210000   nan
1.2220000   nan
1.2230000   nan
1.2240000   nan
1.2250000   nan
1.2260000   nan
1.2270000   nan
1.2280000   nan
1.2290000   nan
1.2300000   nan
1.2310000   nan
1.2320000   nan
1.2330000   nan
1.2340000   nan
1.2350000   nan
1.2360000   nan
1.2370000   nan
1.2380000   nan
1.2390000   nan
1.2400000   nan
1.2410000   nan
1.2420000   nan
1.2430000   nan
1.2440000   nan
1.2450000   nan
1.2460000   nan
1.2470000   nan
1.2480000   nan
1.2490000   nan
1.2500000   nan
1.2510000   nan
1.2520000   nan
1.2530000   nan
1.2540000   nan
1.2550000   nan
1.2560000   nan
1.2570000   nan
1.2580000   nan
1.2590000   nan
1.2600000   nan
1.2610000   nan
1.2620000   nan
1.2630000   nan
1.2640000   nan
1.2650000   nan
1.2660000   nan
1.2670000   nan
1.2680000   nan
1.2690000   nan
1.2700000   nan
1.2710000   nan
1.2720000   nan
1.2730000   nan
1.2740000   nan
1.2750000   nan
1.2760000   nan
1.2770000   nan
1.2780000   nan
1.2790000   nan
1.2800000   nan
1.2810000   nan
1.2820000   nan
1.2830000   nan
1.2840000   nan
1.2850000   nan
1.2860000   nan
1.2870000   nan
1.2880000   nan
1.2890000   nan
1.2900000   nan
1.2910000   nan
1.2920000   nan
1.2930000   nan
1.2940000   nan
1.2950000   nan
1.2960000   nan
1.2970000   nan
1.2980000   nan
1.2990000   nan
1.3000000   nan
1.3010000   nan
1.3020000   nan
1.3030000   nan
1.3040000   nan
1.3050000   nan
1.3060000   nan
1.3070000   nan
1.3080000   nan
1.3090000   nan
1.3100000   nan
1.3110000   nan
1.3120000   nan
1.3130000   nan
1.3140000   nan
1.3150000   nan
1.3160000   nan
1.3170000   nan
1.3180000   nan
1.3190000   nan
1.3200000   nan
1.3210000   nan
1.3220000   nan
1.3230000   nan
1.3240000   nan
1.3250000   nan
1.3260000   nan
1.3270000   nan
1.3280000   nan
1.3290000   nan
1.3300000   nan
1.3310000   nan
1.3320000   nan
1.3330000   nan
1.3340000   nan
1.3350000   nan
1.3360000   nan
1.3370000   nan
1.3380000   nan
1.3390000   nan
1.3400000   nan
1.3410000   nan
1.3420000   nan
1.3430000   nan
1.3440000   nan
1.3450000   nan
1.3460000   nan
1.3470000   nan
1.3480000   nan
1.3490000   nan
1.3500000   nan
1.3510000   nan
1.3520000   nan
1.3530000   nan
1.3540000   nan
1.3550000   nan
1.3560000   nan
1.3570000   nan
1.3580000   nan
1.3590000   nan
1.3600000   nan
1.3610000   nan
1.3620000   nan
1.3630000   nan
1.3640000   nan
1.3650000   nan
1.3660000   nan
1.3670000   nan
1.3680000   nan
1.3690000   nan
1.3700000   nan
1.3710000   nan
1.3720000   nan
1.3730000   nan
1.3740000   nan
1.3750000   nan
1.3760000   nan
1.3770000   nan
1.3780000   nan
1.3790000   nan
1.3800000   nan
1.3810000   nan
1.3820000   nan
1.3830000   nan
1.3840000   nan
1.3850000   nan
1.3860000   nan
1.3870000   nan
1.3880000   nan
1.3890000   nan
1.3900000   nan
1.3910000   nan
1.3920000   nan
1.3930000   nan
1.3940000   nan
1.3950000   nan
1.3960000   nan
1.3970000   nan
1.3980000   nan
1.3990000   nan
1.4000000   nan
1.4010000   nan
1.4020000   nan
1.4030000   nan
1.4040000   nan
1.4050000   nan
1.4060000   nan
1.4070000   nan
1.4080000   nan
1.4090000   nan
1.4100000   nan
1.4110000   nan
1.4120000   nan
1.4130000   nan
1.4140000   nan
1.4150000   nan
1.4160000   nan
1.4170000   nan
1.4180000   nan
1.4190000   nan
1.4200000   nan
1.4210000   nan
1.4220000   nan
1.4230000   nan
1.4240000   nan
1.4250000   nan
1.4260000   nan
1.4270000   nan
1.4280000   nan
1.4290000   nan
1.4300000   nan
1.4310000   nan
1.4320000   nan
1.4330000   nan
1.4340000   nan
1.4350000   nan
1.4360000   nan
1.4370000   nan
1.4380000   nan
1.4390000   nan
1.4400000   nan
1.4410000   nan
1.4420000   nan
1.4430000   nan
1.4440000   nan
1.4450000   nan
1.4460000   nan
1.4470000   nan
1.4480000   nan
1.4490000   nan
1.4500000   nan
1.4510000   nan
1.4520000   nan
1.4530000   nan
1.4540000   nan
1.4550000   nan
1.4560000   nan
1.4570000   nan
1.4580000   nan
1.4590000   nan
1.4600000   nan
1.4610000   nan
1.4620000   nan
1.4630000   nan
1.4640000   nan
1.4650000   nan
1.4660000   nan
1.4670000   nan
1.4680000   nan
1.4690000   nan
1.4700000   nan
1.4710000   nan
1.4720000   nan
1.4730000   nan
1.4740000   nan
1.4750000   nan
1.4760000   nan
1.4770000   nan
1.4780000   nan
1.4790000   nan
1.4800000   nan
1.4810000   nan
1.4820000   nan
1.4830000   nan
1.4840000   nan
1.4850000   nan
1.4860000   nan
1.4870000   nan
1.4880000   nan
1.4890000   nan
1.4900000   nan
1.4910000   nan
1.4920000   nan
1.4930000   nan
1.4940000   nan
1.4950000   nan
1.4960000   nan
1.4970000   nan
1.4980000   nan
1.4990000   nan
1.5000000   nan
1.5010000   nan
1.5020000   nan
1.5030000   nan
1.5040000   nan
1.5050000   nan
1.5060000   nan
1.5070000   nan
1.5080000   nan
1.5090000   nan
1.5100000   nan
1.5110000   nan
1.5120000   nan
1.5130000   nan
1.5140000   nan
1.5150000   nan
1.5160000   nan
1.5170000   nan
1.5180000   nan
1.5190000   nan
1.5200000   nan
1.5210000   nan
1.5220000   nan
1.5230000   nan
1.5240000   nan
1.5250000   nan
1.5260000   nan
1.5270000   nan
1.5280000   nan
1.5290000   nan
1.5300000   nan
1.5310000   nan
1.5320000   nan
1.5330000   nan
1.5340000   nan
1.5350000   nan
1.5360000   nan
1.5370000   nan
1.5380000   nan
1.5390000   nan
1.5400000   nan
1.5410000   nan
1.5420000   nan
1.5430000   nan
1.5440000   nan
1.5450000   nan
1.5460000   nan
1.5470000   nan
1.5480000   nan
1.5490000   nan
1.5500000   nan
1.5510000   nan
1.5520000   nan
1.5530000   nan
1.5540000   nan
1.5550000   nan
1.5560000   nan
1.5570000   nan
1.5580000   nan
1.5590000   nan
1.5600000   nan
1.5610000   nan
1.5620000   nan
1.5630000   nan
1.5640000   nan
1.5650000   nan
1.5660000   nan
1.5670000   nan
1.5680000   nan
1.5690000   nan
1.5700000   nan
1.5710000   nan
1.5720000   nan
1.5730000   nan
1.5740000   nan
1.5750000   nan
1.5760000   nan
1.5770000   nan
1.5780000   nan
1.5790000   nan
1.5800000   nan
1.5810000   nan
1.5820000   nan
1.5830000   nan
1.5840000   nan
1.5850000   nan
1.5860000   nan
1.5870000   nan
1.5880000   nan
1.5890000   nan
1.5900000   nan
1.5910000   nan
1.5920000   nan
1.5930000   nan
1.5940000   nan
1.5950000   nan
1.5960000   nan
1.5970000   nan
1.5980000   nan
1.5990000   nan
1.6000000   nan
1.6010000   nan
1.6020000   nan
1.6030000   nan
1.6040000   nan
1.6050000   nan
1.6060000   nan
1.6070000   nan
1.6080000   nan
1.6090000   nan
1.6100000   nan
1.6110000   nan
1.6120000   nan
1.6130000   nan
1.6140000   nan
1.6150000   nan
1.6160000   nan
1.6170000   nan
1.6180000   nan
1.6190000   nan
1.6200000   nan
1.6210000   nan
1.6220000   nan
1.6230000   nan
1.6240000   nan
1.6250000   nan
1.6260000   nan
1.6270000   nan
1.6280000   nan
1.6290000   nan
1.6300000   nan
1.6310000   nan
1.6320000   nan
1.6330000   nan
1.6340000   nan
1.6350000   nan
1.6360000   nan
1.6370000   nan
1.6380000   nan
1.6390000   nan
1.6400000   nan
1.6410000   nan
1.6420000   nan
1.6430000   nan
1.6440000   nan
1.6450000   nan
1.6460000   nan
1.6470000   nan
1.6480000   nan
1.6490000   nan
1.6500000   nan
1.6510000   nan
1.6520000   nan
1.6530000   nan
1.6540000   nan
1.6550000   nan
1.6560000   nan
1.6570000   nan
1.6580000   nan
1.6590000   nan
1.6600000   nan
1.6610000   nan
1.6620000   nan
1.6630000   nan
1.6640000   nan
1.6650000   nan
1.6660000   nan
1.6670000   nan
1.6680000   nan
1.6690000   nan
1.6700000   nan
1.6710000   nan
1.6720000   nan
1.6730000   nan
1.6740000   nan
1.6750000   nan
1.6760000   nan
1.6770000   nan
1.6780000   nan
1.6790000   nan
1.6800000   nan
1.6810000   nan
1.6820000   nan
1.6830000   nan
1.6840000   nan
1.6850000   nan
1.6860000   nan
1.6870000   nan
1.6880000   nan
1.6890000   nan
1.6900000   nan
1.6910000   nan
1.6920000   nan
1.6930000   nan
1.6940000   nan
1.6950000   nan
1.6960000   nan
1.6970000   nan
1.6980000   nan
1.6990000   nan
1.7000000   nan
1.7010000   nan
1.7020000   nan
1.7030000   nan
1.7040000   nan
1.7050000   nan
1.7060000   nan
1.7070000   nan
1.7080000   nan
1.7090000   nan
1.7100000   nan
1.7110000   nan
1.7120000   nan
1.7130000   nan
1.7140000   nan
1.7150000   nan
1.7160000   nan
1.7170000   nan
1.7180000   nan
1.7190000   nan
1.7200000   nan
1.7210000   nan
1.7220000   nan
1.7230000   nan
1.7240000   nan
1.7250000   nan
1.7260000   nan
1.7270000   nan
1.7280000   nan
1.7290000   nan
1.7300000   nan
1.7310000   nan
1.7320000   nan
1.7330000   nan
1.7340000   nan
1.7350000   nan
1.7360000   nan
1.7370000   nan
1.7380000   nan
1.7390000   nan
1.7400000   nan
1.7410000   nan
1.7420000   nan
1.7430000   nan
1.7440000   nan
1.7450000   nan
1.7460000   nan
1.7470000   nan
1.7480000   nan
1.7490000   nan
1.7500000   nan
1.7510000   nan
1.7520000   nan
1.7530000   nan
1.7540000   nan
1.7550000   nan
1.7560000   nan
1.7570000   nan
1.7580000   nan
1.7590000   nan
1.7600000   nan
1.7610000   nan
1.7620000   nan
1.7630000   nan
1.7640000   nan
1.7650000   nan
1.7660000   nan
1.7670000   nan
1.7680000   nan
1.7690000   nan
1.7700000   nan
1.7710000   nan
1.7720000   nan
1.7730000   nan
1.7740000   nan
1.7750000   nan
1.7760000   nan
1.7770000   nan
1.7780000   nan
1.7790000   nan
1.7800000   nan
1.7810000   nan
1.7820000   nan
1.7830000   nan
1.7840000   nan
1.7850000   nan
1.7860000   nan
1.7870000   nan
1.7880000   nan
1.7890000   nan
1.7900000   nan
1.7910000   nan
1.7920000   nan
1.7930000   nan
1.7940000   nan
1.7950000   nan
1.7960000   nan
1.7970000   nan
1.7980000   nan
1.7990000   nan
1.8000000   nan
1.8010000   nan
1.8020000   nan
1.8030000   nan
1.8040000   nan
1.8050000   nan
1.8060000   nan
1.8070000   nan
1.8080000   nan
1.8090000   nan
1.8100000   nan
1.8110000   nan
1.8120000   nan
1.8130000   nan
1.8140000   nan
1.8150000   nan
1.8160000   nan
1.8170000   nan
1.8180000   nan
1.8190000   nan
1.8200000   nan
1.8210000   nan
1.8220000   nan
1.8230000   nan
1.8240000   nan
1.8250000   nan
1.8260000   nan
1.8270000   nan
1.8280000   nan
1.8290000   nan
1.8300000   nan
1.8310000   nan
1.8320000   nan
1.8330000   nan
1.8340000   nan
1.8350000   nan
1.8360000   nan
1.8370000   nan
1.8380000   nan
1.8390000   nan
1.8400000   nan
1.8410000   nan
1.8420000   nan
1.8430000   nan
1.8440000   nan
1.8450000   nan
1.8460000   nan
1.8470000   nan
1.8480000   nan
1.8490000   nan
1.8500000   nan
1.8510000   nan
1.8520000   nan
1.8530000   nan
1.8540000   nan
1.8550000   nan
1.8560000   nan
1.8570000   nan
1.8580000   nan
1.8590000   nan
1.8600000   nan
1.8610000   nan
1.8620000   nan
1.8630000   nan
1.8640000   nan
1.8650000   nan
1.8660000   nan
1.8670000   nan
1.8680000   nan
1.8690000   nan
1.8700000   nan
1.8710000   nan
1.8720000   nan
1.8730000   nan
1.8740000   nan
1.8750000   nan
1.8760000   nan
1.8770000   nan
1.8780000   nan
1.8790000   nan
1.8800000   nan
1.8810000   nan
1.8820000   nan
1.8830000   nan
1.8840000   nan
1.8850000   nan
1.8860000   nan
1.8870000   nan
1.8880000   nan
1.8890000   nan
1.8900000   nan
1.8910000   nan
1.8920000   nan
1.8930000   nan
1.8940000   nan
1.8950000   nan
1.8960000   nan
1.8970000   nan
1.8980000   nan
1.8990000   nan
1.9000000   nan
1.9010000   nan
1.9020000   nan
1.9030000   nan
1.9040000   nan
1.9050000   nan
1.9060000   nan
1.9070000   nan
1.9080000   nan
1.9090000   nan
1.9100000   nan
1.9110000   nan
1.9120000   nan
1.9130000   nan
1.9140000   nan
1.9150000   nan
1.9160000   nan
1.9170000   nan
1.9180000   nan
1.9190000   nan
1.9200000   nan
1.9210000   nan
1.9220000   nan
1.9230000   nan
1.9240000   nan
1.9250000   nan
1.9260000   nan
1.9270000   nan
1.9280000   nan
1.9290000   nan
1.9300000   nan
1.9310000   nan
1.9320000   nan
1.9330000   nan
1.9340000   nan
1.9350000   nan
1.9360000   nan
1.9370000   nan
1.9380000   nan
1.9390000   nan
1.9400000   nan
1.9410000   nan
1.9420000   nan
1.9430000   nan
1.9440000   nan
1.9450000   nan
1.9460000   nan
1.9470000   nan
1.9480000   nan
1.9490000   nan
1.9500000   nan
1.9510000   nan
1.9520000   nan
1.9530000   nan
1.9540000   nan
1.9550000   nan
1.9560000   nan
1.9570000   nan
1.9580000   nan
1.9590000   nan
1.9600000   nan
1.9610000   nan
1.9620000   nan
1.9630000   nan
1.9640000   nan
1.9650000   nan
1.9660000   nan
1.9670000   nan
1.9680000   nan
1.9690000   nan
1.9700000   nan
1.9710000   nan
1.9720000   nan
1.9730000   nan
1.9740000   nan
1.9750000   nan
1.9760000   nan
1.9770000   nan
1.9780000   nan
1.9790000   nan
1.9800000   nan
1.9810000   nan
1.9820000   nan
1.9830000   nan
1.9840000   nan
1.9850000   nan
1.9860000   nan
1.9870000   nan
1.9880000   nan
1.9890000   nan
1.9900000   nan
1.9910000   nan
1.9920000   nan
1.9930000   nan
1.9940000   nan
1.9950000   nan
1.9960000   nan
1.9970000   nan
1.9980000   nan
1.9990000   nan
2.0000000   nan
2.0010000   nan
2.0020000   nan
2.0030000   nan
2.0040000   nan
2.0050000   nan
2.0060000   nan
2.0070000   nan
2.0080000   nan
2.0090000   nan
2.0100000   nan
2.0110000   nan
2.0120000   nan
2.0130000   nan
2.0140000   nan
2.0150000   nan
2.0160000   nan
2.0170000   nan
2.0180000   nan
2.0190000   nan
2.0200000   nan
2.0210000   nan
2.0220000   nan
2.0230000   nan
2.0240000   nan
2.0250000   nan
2.0260000   nan
2.0270000   nan
2.0280000   nan
2.0290000   nan
2.0300000   nan
2.0310000   nan
2.0320000   nan
2.0330000   nan
2.0340000   nan
2.0350000   nan
2.0360000   nan
2.0370000   nan
2.0380000   nan
2.0390000   nan
2.0400000   nan
2.0410000   nan
2.0420000   nan
2.0430000   nan
2.0440000   nan
2.0450000   nan
2.0460000   nan
2.0470000   nan
2.0480000   nan
2.0490000   nan
2.0500000   nan
2.0510000   nan
2.0520000   nan
2.0530000   nan
2.0540000   nan
2.0550000   nan
2.0560000   nan
2.0570000   nan
2.0580000   nan
2.0590000   nan
2.0600000   nan
2.0610000   nan
2.0620000   nan
2.0630000   nan
2.0640000   nan
2.0650000   nan
2.0660000   nan
2.0670000   nan
2.0680000   nan
2.0690000   nan
2.0700000   nan
2.0710000   nan
2.0720000   nan
2.0730000   nan
2.0740000   nan
2.0750000   nan
2.0760000   nan
2.0770000   nan
2.0780000   nan
2.0790000   nan
2.0800000   nan
2.0810000   nan
2.0820000   nan
2.0830000   nan
2.0840000   nan
2.0850000   nan
2.0860000   nan
2.0870000   nan
2.0880000   nan
2.0890000   nan
2.0900000   nan
2.0910000   nan
2.0920000   nan
